$ANSIBLE_VAULT;1.1;AES256
33323061373230356262303664636132633463633533353638306361336462646362666331366261
6331613865353136653532353236646531353936333139650a643035393039346230393462336433
34626532646630623261373136656262386265666662393334653133646663663032383638353538
6162663832646535360a346430366332326536333538303738323738393039386238643432653539
38623839666135396564346536616534336662373730353933613330623866626665353837643334
63373362623538316234396436336265313131303436663730633630393662333231623635383533
66626565613063353562383438396133666234636366616561653937306165323437303438623037
62313930333465383735313434346463366564643033333065373864656530623862386561333163
64383739643865666430376162306239626163646166323936346237663134306362323630353936
65333535396166626562343334313763363533383834636163633961303537323037623934643361
363138303238323563323135626339363864
