$ANSIBLE_VAULT;1.1;AES256
35343232326535613135623535343963333938656639356237323266393132316336383230646539
3139363736366330316466333464353533636265613861650a366664656262666237343563356166
31316361393939313535363733633131333834343835343537306362346666613438303265393334
6536373431623366360a656331333863366535346263613135613538643063363935356234613264
31356530373932393761326331326335636463636161666135353832306530316433653535373837
34333134616636353935343261633065376638653136666266326533616164393133356339313261
31383062656531626262353135663562646533313737366564343331396366323234306334303835
37653264663962356437383761356231623733616639326562353662623936396163636264663336
62616538316433353465636662613630353239323830333434633133353263343633363639663636
31303634353030316237356538623532353766626635656139313063313263656461656662313163
64343561636538373438643537353339376132623263323234653665336635326561393964383231
62386165396261343639666262366131343837663937646666303861353639313730386636383862
61653530653463633062326263316534343835373134373237313030646231363739373635313630
39376466656533636235643233303430636630393738366562306466643764393938663235303633
34333435613333346134313065313565356331613236613238333866343332373330333262373634
34336535303039343963326331613031323632653737396436343730363832643364353838663338
36333163346536366536363866386166643961386337623565343366666365313535373238653862
34616135343763343637356330343766616263316532353936653234613066643536666665663435
39633130353632333064616134623766376338663661643539623230303731343437336535376565
61333139373833663865336234373131343262346364663331633362636636343932613434636436
38343265666633386434656264323138366231616335376432363735663434363731663331343931
39353134373161656663393963383133633966663034656230383838316434303361303263393363
34373365636463363739646430383331366532323733316330353434366437336331353361643562
64313861333061653831373034663838616235386437373966393034636632643164303966376630
36656332313265343166303461326533633531636665303931376534653838396261616466346164
66356132643532666565613436663839346462393631336563333035666139373833323866663339
39326535313765663632306233616632336464663834633831356661323064616335313965386634
65383266313066333739613165646633306434393765376161646138666134343639313734643263
66633736623563346635643739663237326630616165353361303137356464613336323765303930
61356161376330306161663737393732336139643937666539366263333737363331303636613263
36636364376238323136326130386462663232396632613431636230396339643738323861323433
37306135303030646638656262646334353739383937343339393363343031633438373163313338
35633534623565636335353136616662613438396132383339336534653933396464623831663862
61353335663964316466393433623562346662396237383266633030656161623935333462623138
63353736363235343463623463613137376530393931316536633762386439386634376630376233
35363936396634376564376364643232656439333966343462363538313434353933656665613166
63326438386431393834373764343763306264346431663331356130313964366338393133366365
35616661316334323938613763623930633233306539663538393135326339626666333661623935
33656537663136313131346266356536626634326464613733333933643835373632393833383032
35313630326466373435373133613935616535653134613065613064633662643866316136333539
33666537333634383135643536373863643438633635306439376435333262356533313165343339
65346661353839383762663263346265326137343032363439373937303263636630306661646131
33373064623931633465373135366562336332373465643133383162636261383639623563303966
34383261646361343563343634363962376631643233666139613330396534326332383034663737
62643561326265323965656535343530376636313339376130643230626666393436376166306130
62333464316230343131613636643964303064623164613536643734623230643933353034303938
31646233666562623138346230613135313037336363353230376238373830623364303638346366
62373239666231643235396333616235373336623765623064353135393761363139376263333164
34383835333762663335363564326339646264366135303337393030633438633930323865373531
31633661613838613635386435383866643634393730343961316434373436653735343239666561
61613266306361636662643530636264616537333639333132623665313530323561373866633865
39623738383237323634336436383363386433663539613934356365346133666239363262363136
31373965343330353834343839396464616633333432313830633763626337653731653131663566
35653066653462643937353931316664393164306261616138326438666132393864393735333537
63633466353965643139633861663931336562623334323636363838333066373065303765306137
36326336633133366137383937383037383637623433383062636365323735633634393063656534
37313635333939366632623463356633306131393037343937663365373235623031656633383166
35383130636263663439356330316138383830323864633865336235316135353236303664363766
65626362646435613635626464656537666633373962373436313434383765303061346635386239
38303637313330343963323565306663323331626164663764646262366161313232303765396566
32636461633337336237653532653335313234353365656135643363633239316338363130366137
64643930656366313739373736373266363934386133613839643939636435363566363132386437
37386164303735336337386438656465303635396136623134623862333465363038343331663333
34356138346166633139613433623136343263316666383465366263643131393835373164316461
66613838336539316563613231666337366633383233633562666630343533373865633632616238
39613431633164613831646263653130663435323339636163653430386464643930306335666666
63376539656561633963393361633830653935383364366462323339623235343733656137333831
62386664393638393839656534316638376431376466323863376131373764323135343763636634
63396135643062643530623032663832356664386239303633363132663432353439383466326332
34373736643733313739613932653734623233646134636436656363336131326264666562383433
37386261313331323262356332643635356639363930333739626666616238353964346662343835
33383431633533636235663538363235663230633062313064343432303537663534383834313164
66306430343335623962363162336636653034643362326265623735373165313261613164376138
31393565396334386261356161623366653834306633386431633966386337393536333738303237
31396336336437643638373435326631616333663136356338623133363938306632363633333638
38306437363336323034613035666537663363393861323263373031666363646236623463643934
36303934366233313337663939333534636662353362666466323134626534383362353565636137
36656431313063393463616337666335623062656130346464646432643163656638373632613866
32356130353065633238313632306561313863396633643530333433643530646130656231303530
62633864663731623562613431306337333965393662356365613137633337353634356663643730
31366635623338383135366465663965623236363731323566303563386664386433613365663164
62613433623064623439653436643066316635303763663136333963336434306439623234323637
31373461376333316563653339663461383639323864396435303831393038396539343866313933
39303034626335653466643565636437343433653161373466666637643261656235353262353863
36333661646536653563326164373135343633343563353761353762666136383132333266636338
34623564316238313863633034656231356339633632353862623366626535386138643831303338
33653165353830316536323538393838666234653032316330646533326633383234383461386233
31373465346533613637613837656261643931653961346462613635313436316330366538613537
63653034653464616230333732363463643363353861376564303964626463626135313166363333
32633234373863393634623733623834333538343565646236616462303135333139336339383039
38393330653666333466373561663462313830373338333965633832323933323765646339386435
30643762323165393934303539386464656161613464626230646265343738626361343163333062
31343833393234613935366461303333323463666165333935363337366237303135306435383965
37303831633861303366306465353135646463636636356334626539313338326438313536363437
65323435363235306334363366346237623833653536656331653062363735313666333036383439
62333234636662343235646338353436636638623864313736656462383730333937346536303134
39303561653463623734373836303566393339373033613064346238656664306264613630643432
30386432666333373036373562306139656232656233656336303166633835663630353930376262
33363332363835383731326434323730336264636439636661656236666362313761663331373263
64306133373337306566376565656537333039626630313165343438316434303830636533376131
31396261343337636566386638303038316361386362346533633564393435666162636365373762
66636433376330633432373431366238336463333238633234383962653730663839636232613761
34613533316538363535663135666236353438383661346262306533366464303935386666333935
30623630356231633439386266646334643265393639626136623965353062633937313838383166
33313439393538323735373839386266313031616161353661336363653366303730306366353334
33633636386464343364616165353931363536373934633431653965323565663530336565356636
66336465383730323334386462636636353735343063616130393832326630333031366634326536
38353662306366343938326138343463386339313737323162316236343933623739386231316137
35636166333536353363353834363262653266323466393138626661663733303361386633616136
62663338303535306464313761396666306330313933383736386234323531663330396532623839
38613664326636616138303466616363613731303763303664613936363538363735643834306333
63313637646262633163643765373933363339383261613831613862373434633136656264666531
64303431333263326337653662383231613336346666653634656264313161626263396663313963
38343566636635326134303831396132376562666432353137346537326663663831636438363632
31393732333332343632636436616138323332313737643735663738336637326364306639613437
32313761646537313239343465376162613930383864623261316433616361323735306261343762
33343966663561316263643463363332653430356466393862616263646337313764313030356233
31336334663733316665316265373865666130336437663138646138663233663761313364373966
34633737353335393862633739383463323564633530613461623866353166326666346533333730
66313066393937616561343237653735653531393138396233613965633564383030633338353338
30633561373265633336376261646161343535663562633635623865383963653065353764383266
66353161666633383330306237633931643830303836343330626661643638383866326238393832
31333030613734306535633762353361626134393839623738613837376430363766643739646439
39303933646230656632383434636461363466363837323133393939333566653866313063366562
30393433643232336433636265356661633661643131386331383537376437313336313764613666
35383362373930613163643734333538666439613131343037363635363934393163326639613334
30666430353535353531343830643337356437366562353736653432343834336535646331353738
62643438303739323130663864353131613731316630396466616130626535313264663730313233
34383866316131306666383039366361373335396161343861366165613030626662623734626232
35626533343633323538316236646462393333373966633939646163313232363931616666343635
34626236633630613235616138626636343133346463316265326638613962363535366663366532
65323634643931383530613632303264373162396663376461316438656535333861666630643334
63646237333562383838663965363765376139633636333563373838353936343065613839333234
31363236663838313366663264396239393735383761363635363762333033383139346539643135
37653239316437373634343531666335353336626365363739376335336530313338656164663934
61376330356462303430666136313539643433333061313136633439376266306562383938393634
61383932643639383037666164313633643038336332623538363233303936646663353831636534
35313033333933393664373838323337316134386161363537373466653136356638396366626535
34396639353064306338396663353831386262313366633563353164666639383432333736386131
36376437373632303736626331383932353436376338373836326239653135613735656237383134
38366434653936313330636239636564313464376366633862616430306539666162383632656431
63306361373338383135333964636465386137653131343835666139306136633665306630646131
61623962303132363465363835643739303937336431633130343530613938313335326339636461
37356664393632323335336533613335323831633438623638333731663564643133613932383338
34356564643236653564343930306231393630643732333638333766333632663064393263326133
32373530623663373562626237653834633236623832303835646436303232623731353566386430
39636236333538663338326333633039386261656366333730653964366338356466363033316432
31663934383636623934663830643763373265383130333038306430303563643935653139663934
33313639613064613830656264643261333264623732623138646363613336653664376335336539
65626130333035653436313439633164613264663061613638643162323462613834336665353839
62323933306639313033323166303733333139333737663332623336616230633263616565613432
33646166323963393863333032393933613865336264613565336437303334643838663530313234
36643966326530633131616566363263616438366530333864396266396533663465386135623836
66663835343163326231633061353165366363323139366438623032303832613732633836323634
36383662653939653238653638643066313763303236316365396434633338306166653838336233
36623533353531323332316665653264396234663534643537616330663565366361366165363466
37326330623366613438393637623132633834396439376434613766643534313239623763363035
63366166666239376565663866636536336230613133346232366235336631323532616638663731
32653435376536383030303761393463353930653061323065643633366665356331333035306561
66363432363330643333666362383563643463363763386666316561636362393939633765326164
37313739346538633039343539316562626364356333383934303136373166323032386139643366
35336162393435343065333062636433373766353630333230623530633531306232366535303131
35386633653465343139663464613765303739323332396530353838356434393237643064653161
65303239323564336366333331336137303430326634363836336438333165656661353538616337
31333536353931363535373961356338656236613764356363633238376435343931363965646262
65613735366235323039623862646461653939666166346339613063313466393936303937396135
31346465663362643630363862636365656431333032623533316239663133363834373738663863
32313134313531333039306135336132643837653061393761356437333033383038633838386337
64623364616561653633633032366366643430666266646534613734386236653262616363346461
33353638643764343637383035663839663066633164316138656361363731393962653636393161
31633666373865343137626464626662623064613737623861356436323434626136616361373733
35393135353537336465613837353437393630626431643831303636323264643330613361616364
39363139623633626263653334316232643731313632373630376564343566376464313036613430
34646132666539636361393838636130316536383965363635316230346663333838303039633634
65343931643031303638373065383032343461343837386230636334353434373462343636363331
38353833383037376663393938643963303531363639356363656631623235613935646334656538
66393433613539626239623633343037613733396161323464323661313430626538626237363037
65366530353363373064306138353434333337613638633262626236633435613763643932613830
61343261623862623539643436373332313037376662326330623366663132333033656235383931
65376364623031666430383163323638633665363161343664613531396531636564663132316539
31626666396331623933303739356630386336396664303062646634393431306662383732633536
38313361373730376231336465313034326563663764383934326166396264643337346362316630
36636637623133376634376366656630646330666431656634353939343139363336626132633134
36626232316238653662356662663234616338326361663539653631326539653433356230386262
38653962383132313434386139653639616235346661373331636331653032323837323061613361
61393332306639383337356637656435343965613162646332386634303737366134306564613830
30383939323132313732656130616131633037313365633939333832386662303833663035353764
64393861383565393339
